0.35260115606936415 0.46820809248554907 0.1791907514450867 
0.2743362831858407 0.6283185840707964 0.09734513274336283 
0.015873015873015876 0.9682539682539683 0.015873015873015876 
0.012048192771084336 0.8554216867469878 0.13253012048192772 
0.015873015873015876 0.9682539682539683 0.015873015873015876 
0.006134969325153374 0.9263803680981595 0.06748466257668712 
0.10679611650485438 0.7864077669902911 0.10679611650485438 
0.23308270676691728 0.6842105263157894 0.08270676691729323 
0.33333333333333337 0.6363636363636365 0.030303030303030307 
0.4920634920634921 0.4920634920634921 0.015873015873015876 
0.006535947712418301 0.9869281045751633 0.006535947712418301 
0.11475409836065574 0.7704918032786885 0.11475409836065574 
0.06010928961748634 0.8797814207650274 0.06010928961748634 
0.1924882629107981 0.8028169014084507 0.004694835680751174 
0.9823008849557521 0.008849557522123894 0.008849557522123894 
0.3082706766917293 0.38345864661654133 0.3082706766917293 
0.6144578313253011 0.13253012048192772 0.25301204819277107 
0.006993006993006993 0.916083916083916 0.07692307692307693 
0.49397590361445776 0.49397590361445776 0.012048192771084336 
0.3333333333333333 0.6559139784946235 0.01075268817204301 
0.07692307692307693 0.846153846153846 0.07692307692307693 
0.6585365853658536 0.33333333333333326 0.008130081300813007 
0.39622641509433965 0.01886792452830189 0.5849056603773585 
0.04347826086956522 0.47826086956521746 0.47826086956521746 
0.01075268817204301 0.7634408602150536 0.22580645161290322 
0.3986928104575163 0.5947712418300654 0.006535947712418301 
0.009708737864077669 0.7864077669902911 0.20388349514563106 
0.25153374233128833 0.7423312883435582 0.006134969325153374 
0.558282208588957 0.43558282208588955 0.006134969325153374 
0.16939890710382513 0.6612021857923497 0.16939890710382513 
0.29479768786127164 0.699421965317919 0.005780346820809248 
0.5338345864661653 0.45864661654135336 0.007518796992481203 
0.44262295081967207 0.44262295081967207 0.11475409836065574 
0.7209302325581396 0.023255813953488375 0.2558139534883721 
0.7398373983739837 0.08943089430894309 0.17073170731707316 
0.28671328671328666 0.5664335664335663 0.14685314685314685 
0.4265734265734265 0.4265734265734265 0.14685314685314685 
0.11827956989247312 0.7634408602150536 0.11827956989247312 
0.3980582524271844 0.3980582524271844 0.20388349514563106 
0.25153374233128833 0.6809815950920245 0.06748466257668712 
0.6893203883495145 0.20388349514563106 0.10679611650485438 
0.01886792452830189 0.9622641509433962 0.01886792452830189 
0.44262295081967207 0.5519125683060109 0.00546448087431694 
0.0049261083743842365 0.9901477832512315 0.0049261083743842365 
0.38345864661654133 0.6090225563909774 0.007518796992481203 
0.009708737864077669 0.9805825242718446 0.009708737864077669 
0.17073170731707316 0.8211382113821137 0.008130081300813007 
0.4741784037558685 0.5211267605633803 0.004694835680751174 
0.38345864661654133 0.6090225563909774 0.007518796992481203 
0.37349397590361444 0.49397590361445776 0.13253012048192772 
0.17460317460317462 0.8095238095238095 0.015873015873015876 
0.01886792452830189 0.39622641509433965 0.5849056603773585 
0.01886792452830189 0.9622641509433962 0.01886792452830189 
0.33333333333333326 0.41463414634146334 0.25203252032520324 
0.17073170731707316 0.8211382113821137 0.008130081300813007 
0.009708737864077669 0.4951456310679611 0.4951456310679611 
0.008849557522123894 0.5398230088495575 0.4513274336283185 
0.7864077669902911 0.20388349514563106 0.009708737864077669 
0.01886792452830189 0.9622641509433962 0.01886792452830189 
0.07692307692307693 0.8095238095238095 0.11355311355311355 
0.5802469135802469 0.4156378600823045 0.00411522633744856 
0.00546448087431694 0.9344262295081968 0.06010928961748634 
0.009708737864077669 0.5922330097087378 0.3980582524271844 
0.007518796992481203 0.45864661654135336 0.5338345864661653 
0.0049261083743842365 0.9901477832512315 0.0049261083743842365 
0.00546448087431694 0.9890710382513661 0.00546448087431694 
0.3333333333333333 0.4408602150537634 0.22580645161290322 
0.41463414634146334 0.5772357723577235 0.008130081300813007 
0.9534883720930232 0.023255813953488375 0.023255813953488375 
0.33333333333333337 0.6507936507936507 0.015873015873015876 
0.5772357723577235 0.08943089430894309 0.33333333333333326 
0.2558139534883721 0.48837209302325585 0.2558139534883721 
0.13253012048192772 0.8554216867469878 0.012048192771084336 
0.08943089430894309 0.9024390243902438 0.008130081300813007 
0.5616438356164383 0.013698630136986302 0.4246575342465754 
0.5849056603773585 0.01886792452830189 0.39622641509433965 
0.16939890710382513 0.8251366120218578 0.00546448087431694 
0.051643192488262914 0.943661971830986 0.004694835680751174 
0.00546448087431694 0.9890710382513661 0.00546448087431694 
0.008130081300813007 0.9837398373983739 0.008130081300813007 
0.15789473684210525 0.8345864661654134 0.007518796992481203 
0.2075471698113208 0.2075471698113208 0.5849056603773585 
0.2743362831858407 0.7168141592920353 0.008849557522123894 
0.006134969325153374 0.9877300613496933 0.006134969325153374 
0.009708737864077669 0.9805825242718446 0.009708737864077669 
0.15789473684210525 0.8345864661654134 0.007518796992481203 
0.3986928104575163 0.5294117647058824 0.07189542483660132 
0.22580645161290322 0.01075268817204301 0.7634408602150536 
0.015873015873015876 0.6507936507936507 0.33333333333333337 
0.006535947712418301 0.9869281045751633 0.006535947712418301 
0.023255813953488375 0.7209302325581396 0.2558139534883721 
0.8356164383561644 0.013698630136986302 0.15068493150684933 
0.5849056603773585 0.01886792452830189 0.39622641509433965 
0.006134969325153374 0.9877300613496933 0.006134969325153374 
0.5643564356435644 0.0033003300330033004 0.4323432343234323 
0.8053097345132743 0.008849557522123894 0.18584070796460175 
0.008849557522123894 0.9823008849557521 0.008849557522123894 
0.49809885931558934 0.49809885931558934 0.0038022813688212928 
0.006993006993006993 0.9860139860139859 0.006993006993006993 
0.005780346820809248 0.8728323699421965 0.12138728323699421 
0.28638497652582157 0.6619718309859155 0.051643192488262914 
0.2743362831858407 0.4513274336283185 0.2743362831858407 
0.28671328671328666 0.5664335664335663 0.14685314685314685 
0.01075268817204301 0.9784946236559139 0.01075268817204301 
0.11827956989247312 0.6559139784946235 0.22580645161290322 
0.4969325153374233 0.4969325153374233 0.006134969325153374 
0.16939890710382513 0.715846994535519 0.11475409836065574 
0.28767123287671237 0.6986301369863014 0.013698630136986302 
0.012048192771084336 0.7349397590361445 0.25301204819277107 
0.4246575342465754 0.28767123287671237 0.28767123287671237 
0.006535947712418301 0.5947712418300654 0.3986928104575163 
0.00546448087431694 0.8251366120218578 0.16939890710382513 
0.17406143344709896 0.0034129692832764505 0.8225255972696246 
0.009708737864077669 0.9805825242718446 0.009708737864077669 
0.004694835680751174 0.9906103286384977 0.004694835680751174 
0.4408602150537634 0.11827956989247312 0.4408602150537634 
0.27354260089686094 0.632286995515695 0.09417040358744394 
0.26424870466321243 0.6787564766839378 0.05699481865284974 
0.10679611650485438 0.8834951456310679 0.009708737864077669 
0.015873015873015876 0.9682539682539683 0.015873015873015876 
0.01075268817204301 0.8709677419354838 0.11827956989247312 
0.22580645161290322 0.5483870967741935 0.22580645161290322 
0.39622641509433965 0.5849056603773585 0.01886792452830189 
0.3566433566433566 0.6363636363636364 0.006993006993006993 
0.008130081300813007 0.008130081300813007 0.9837398373983739 
0.5398230088495575 0.4513274336283185 0.008849557522123894 
0.030303030303030307 0.9393939393939394 0.030303030303030307 
0.12138728323699421 0.8728323699421965 0.005780346820809248 
0.04347826086956522 0.9525691699604744 0.003952569169960474 
0.0051813471502590676 0.9896373056994819 0.0051813471502590676 
0.23699421965317916 0.6416184971098265 0.12138728323699421 
0.008849557522123894 0.8938053097345132 0.09734513274336283 
0.008849557522123894 0.9823008849557521 0.008849557522123894 
0.00546448087431694 0.9890710382513661 0.00546448087431694 
0.007518796992481203 0.6842105263157894 0.3082706766917293 
0.23308270676691728 0.6842105263157894 0.08270676691729323 
0.01075268817204301 0.22580645161290322 0.7634408602150536 
0.4513274336283185 0.5398230088495575 0.008849557522123894 
0.006993006993006993 0.846153846153846 0.14685314685314685 
0.008130081300813007 0.9024390243902438 0.08943089430894309 
0.11827956989247312 0.5483870967741935 0.3333333333333333 
0.1791907514450867 0.815028901734104 0.005780346820809248 
0.5398230088495575 0.4513274336283185 0.008849557522123894 
0.030303030303030307 0.9393939393939394 0.030303030303030307 
0.29479768786127164 0.6416184971098265 0.06358381502890173 
0.20987654320987653 0.786008230452675 0.00411522633744856 
0.5616438356164383 0.28767123287671237 0.15068493150684933 
0.06010928961748634 0.9344262295081968 0.00546448087431694 
0.004694835680751174 0.9906103286384977 0.004694835680751174 
0.19018404907975459 0.8036809815950919 0.006134969325153374 
0.13725490196078433 0.3986928104575163 0.4640522875816993 
0.006134969325153374 0.3742331288343558 0.6196319018404908 
0.0035335689045936395 0.9929328621908128 0.0035335689045936395 
0.11827956989247312 0.8709677419354838 0.01075268817204301 
0.015873015873015876 0.9682539682539683 0.015873015873015876 
0.17784256559766765 0.7900874635568514 0.032069970845481056 
0.002421307506053269 0.9951573849878935 0.002421307506053269 
0.19391634980988592 0.49809885931558934 0.3079847908745247 
0.6036036036036037 0.3933933933933934 0.0030030030030030034 
0.6619718309859155 0.1924882629107981 0.14553990610328638 
0.9067055393586007 0.002915451895043732 0.0903790087463557 
0.48837209302325585 0.48837209302325585 0.023255813953488375 
0.5664335664335663 0.4265734265734265 0.006993006993006993 
0.16872427983539093 0.8271604938271605 0.00411522633744856 
0.08641975308641975 0.6625514403292182 0.2510288065843621 
0.39055793991416304 0.2618025751072961 0.34763948497854075 
0.5573122529644269 0.4387351778656126 0.003952569169960474 
0.0023640661938534283 0.9952718676122932 0.0023640661938534283 
0.28638497652582157 0.23943661971830985 0.4741784037558685 
0.49397590361445776 0.49397590361445776 0.012048192771084336 
0.6842105263157896 0.25077399380804954 0.065015479876161 
0.0034129692832764505 0.8907849829351536 0.10580204778156997 
0.34975369458128075 0.20197044334975367 0.44827586206896547 
0.5960591133004925 0.3004926108374384 0.10344827586206896 
0.833780160857909 0.08310991957104559 0.08310991957104559 
0.1924882629107981 0.8028169014084507 0.004694835680751174 
0.6914600550964188 0.08539944903581267 0.2231404958677686 
0.1924882629107981 0.6150234741784038 0.1924882629107981 
0.4323432343234323 0.49834983498349833 0.06930693069306931 
0.791348600508906 0.002544529262086514 0.20610687022900764 
0.5603715170278639 0.25077399380804954 0.1888544891640867 
0.3986928104575163 0.006535947712418301 0.5947712418300654 
0.2510288065843621 0.5390946502057613 0.20987654320987653 
0.5924932975871314 0.13672922252010725 0.2707774798927614 
0.8336713995943206 0.0020283975659229213 0.1643002028397566 
0.03886925795053004 0.9222614840989399 0.03886925795053004 
0.5211267605633803 0.09859154929577466 0.38028169014084506 
0.5276967930029155 0.14868804664723032 0.32361516034985427 
0.6916835699797161 0.08316430020283976 0.22515212981744423 
0.498452012383901 0.4055727554179567 0.09597523219814243 
0.3079847908745247 0.5741444866920152 0.11787072243346007 
0.6507936507936507 0.33333333333333337 0.015873015873015876 
0.1683168316831683 0.8283828382838284 0.0033003300330033004 
0.3742331288343558 0.19018404907975459 0.43558282208588955 
0.25203252032520324 0.6585365853658536 0.08943089430894309 
0.5338345864661653 0.45864661654135336 0.007518796992481203 
0.005780346820809248 0.9884393063583815 0.005780346820809248 
0.5294117647058824 0.2679738562091503 0.20261437908496732 
0.25203252032520324 0.25203252032520324 0.4959349593495934 
0.4408602150537634 0.5483870967741935 0.01075268817204301 
0.5519125683060109 0.2240437158469945 0.2240437158469945 
0.32155477031802115 0.6749116607773852 0.0035335689045936395 
0.5735735735735736 0.3933933933933934 0.03303303303303304 
0.002421307506053269 0.9951573849878935 0.002421307506053269 
0.43558282208588955 0.006134969325153374 0.558282208588957 
0.8797814207650274 0.11475409836065574 0.00546448087431694 
0.030303030303030307 0.9669421487603307 0.002754820936639119 
0.2188841201716738 0.30472103004291845 0.4763948497854077 
0.015873015873015876 0.9682539682539683 0.015873015873015876 
0.03754266211604096 0.9590443686006827 0.0034129692832764505 
0.004291845493562232 0.9055793991416309 0.09012875536480687 
0.04932735426008969 0.946188340807175 0.004484304932735426 
0.23615160349854228 0.7317784256559767 0.032069970845481056 
0.012048192771084336 0.9759036144578312 0.012048192771084336 
0.5664335664335663 0.4265734265734265 0.006993006993006993 
0.2679738562091503 0.5947712418300654 0.13725490196078433 
0.23193916349809884 0.4220532319391635 0.3460076045627376 
0.51931330472103 0.39055793991416304 0.09012875536480687 
0.1225296442687747 0.6758893280632411 0.20158102766798416 
0.49753694581280783 0.20197044334975367 0.3004926108374384 
0.48837209302325585 0.2558139534883721 0.2558139534883721 
0.44262295081967207 0.2240437158469945 0.3333333333333333 
0.012048192771084336 0.9759036144578312 0.012048192771084336 
0.06306306306306307 0.9039039039039041 0.03303303303303304 
0.17460317460317462 0.6507936507936507 0.17460317460317462 
0.31058020477815695 0.6177474402730376 0.07167235494880546 
0.688212927756654 0.3079847908745247 0.0038022813688212928 
0.006134969325153374 0.3742331288343558 0.6196319018404908 
0.015873015873015876 0.9682539682539683 0.015873015873015876 
0.20987654320987653 0.6625514403292182 0.12757201646090535 
0.2673267326732673 0.6303630363036304 0.10231023102310231 
0.0035335689045936395 0.9929328621908128 0.0035335689045936395 
0.44023323615160354 0.5568513119533529 0.002915451895043732 
0.9849624060150375 0.007518796992481203 0.007518796992481203 
0.1225296442687747 0.8339920948616601 0.04347826086956522 
0.015873015873015876 0.9682539682539683 0.015873015873015876 
0.48242811501597443 0.16293929712460062 0.3546325878594249 
0.11827956989247312 0.8709677419354838 0.01075268817204301 
0.0038022813688212928 0.9923954372623575 0.0038022813688212928 
0.36633663366336633 0.6303630363036304 0.0033003300330033004 
0.33333333333333337 0.6363636363636365 0.030303030303030307 
0.11294765840220386 0.8842975206611572 0.002754820936639119 
0.6771300448430493 0.27354260089686094 0.04932735426008969 
0.33333333333333326 0.6585365853658536 0.008130081300813007 
0.6758893280632411 0.20158102766798416 0.1225296442687747 
0.18385650224215244 0.18385650224215244 0.632286995515695 
0.2075471698113208 0.7735849056603773 0.01886792452830189 
0.16939890710382513 0.5519125683060109 0.2786885245901639 
0.5463258785942492 0.29073482428115016 0.16293929712460062 
0.22683706070287538 0.7380191693290735 0.035143769968051124 
0.00411522633744856 0.9917695473251029 0.00411522633744856 
0.051643192488262914 0.943661971830986 0.004694835680751174 
0.8461538461538461 0.07692307692307693 0.07692307692307693 
0.35260115606936415 0.6416184971098265 0.005780346820809248 
0.040293040293040296 0.8827838827838829 0.07692307692307693 
0.06930693069306931 0.9273927392739274 0.0033003300330033004 
0.2411067193675889 0.6758893280632411 0.08300395256916997 
0.002754820936639119 0.856749311294766 0.14049586776859505 
0.13304721030042918 0.8626609442060086 0.004291845493562232 
0.13993174061433444 0.6177474402730376 0.24232081911262796 
0.0035335689045936395 0.9929328621908128 0.0035335689045936395 
0.2764505119453925 0.5494880546075086 0.17406143344709896 
0.002915451895043732 0.9941690962099127 0.002915451895043732 
0.4408602150537634 0.5483870967741935 0.01075268817204301 
0.3656174334140436 0.6319612590799032 0.002421307506053269 
0.0534351145038168 0.9440203562340967 0.002544529262086514 
0.3992094861660079 0.20158102766798416 0.3992094861660079 
0.3226837060702875 0.6741214057507987 0.0031948881789137383 
0.003952569169960474 0.8735177865612649 0.1225296442687747 
0.003095975232198143 0.9938080495356039 0.003095975232198143 
0.24455205811138014 0.6803874092009686 0.07506053268765134 
0.5426008968609866 0.27354260089686094 0.18385650224215244 
0.16939890710382513 0.49726775956284147 0.3333333333333333 
0.5782747603833867 0.25878594249201275 0.16293929712460062 
0.16293929712460062 0.8338658146964857 0.0031948881789137383 
0.00411522633744856 0.9917695473251029 0.00411522633744856 
0.8461538461538461 0.07692307692307693 0.07692307692307693 
0.46820809248554907 0.5260115606936415 0.005780346820809248 
0.002754820936639119 0.856749311294766 0.14049586776859505 
0.13304721030042918 0.8626609442060086 0.004291845493562232 
0.10580204778156997 0.7201365187713311 0.17406143344709896 
0.31058020477815695 0.515358361774744 0.17406143344709896 
0.002915451895043732 0.9650145772594754 0.032069970845481056 
0.38983050847457634 0.6077481840193706 0.002421307506053269 
0.003952569169960474 0.8339920948616601 0.16205533596837943 
0.003095975232198143 0.9938080495356039 0.003095975232198143 
0.2240437158469945 0.3333333333333333 0.44262295081967207 
0.17460317460317462 0.6507936507936507 0.17460317460317462 
0.31058020477815695 0.6518771331058021 0.03754266211604096 
0.6501901140684411 0.3460076045627376 0.0038022813688212928 
0.33333333333333337 0.6507936507936507 0.015873015873015876 
0.33333333333333337 0.6507936507936507 0.015873015873015876 
0.0038022813688212928 0.9923954372623575 0.0038022813688212928 
0.0035335689045936395 0.9929328621908128 0.0035335689045936395 
0.2508833922261484 0.745583038869258 0.0035335689045936395 
0.15589353612167298 0.6121673003802282 0.23193916349809884 
0.07984790874524715 0.9163498098859316 0.0038022813688212928 
0.07692307692307693 0.8095238095238095 0.11355311355311355 
0.08270676691729323 0.7593984962406014 0.15789473684210525 
0.48837209302325585 0.48837209302325585 0.023255813953488375 
0.0026109660574412537 0.8903394255874675 0.10704960835509138 
0.21715817694369974 0.7801608579088473 0.0026809651474530836 
0.1225296442687747 0.7154150197628459 0.16205533596837943 
0.05699481865284974 0.8860103626943006 0.05699481865284974 
0.0030030030030030034 0.9639639639639641 0.03303303303303304 
0.003663003663003663 0.9926739926739927 0.003663003663003663 
0.119533527696793 0.8775510204081634 0.002915451895043732 
0.09468822170900693 0.8568129330254043 0.04849884526558892 
0.04849884526558892 0.9491916859122402 0.002309468822170901 
0.07692307692307693 0.6630036630036631 0.26007326007326004 
0.3033033033033033 0.4534534534534535 0.24324324324324326 
0.12693498452012383 0.8699690402476782 0.003095975232198143 
0.0028328611898017003 0.9943342776203967 0.0028328611898017003 
0.20132013201320131 0.7953795379537955 0.0033003300330033004 
0.17460317460317462 0.6507936507936507 0.17460317460317462 
0.37801608579088475 0.5924932975871314 0.02949061662198392 
0.004291845493562232 0.776824034334764 0.2188841201716738 
0.023255813953488375 0.7209302325581396 0.2558139534883721 
0.06306306306306307 0.9339339339339341 0.0030030030030030034 
0.2075471698113208 0.7735849056603773 0.01886792452830189 
0.17406143344709896 0.8225255972696246 0.0034129692832764505 
0.003663003663003663 0.8827838827838829 0.11355311355311355 
0.0049261083743842365 0.9901477832512315 0.0049261083743842365 
0.0034129692832764505 0.856655290102389 0.13993174061433444 
0.0031948881789137383 0.9936102236421726 0.0031948881789137383 
0.1683168316831683 0.6633663366336634 0.1683168316831683 
0.07984790874524715 0.9163498098859316 0.0038022813688212928 
0.003663003663003663 0.9926739926739927 0.003663003663003663 
0.0031948881789137383 0.9616613418530352 0.035143769968051124 
0.5260115606936415 0.12138728323699421 0.35260115606936415 
0.004694835680751174 0.8497652582159625 0.14553990610328638 
0.1683168316831683 0.8283828382838284 0.0033003300330033004 
0.0034129692832764505 0.7542662116040956 0.24232081911262796 
0.19559228650137742 0.71900826446281 0.08539944903581267 
0.1234866828087167 0.24455205811138014 0.6319612590799032 
0.26007326007326004 0.6996336996336997 0.040293040293040296 
0.03886925795053004 0.9222614840989399 0.03886925795053004 
0.04347826086956522 0.9525691699604744 0.003952569169960474 
0.0021141649048625794 0.023255813953488375 0.9746300211416491 
0.002915451895043732 0.20699708454810498 0.7900874635568514 
0.09417040358744394 0.452914798206278 0.452914798206278 
0.003095975232198143 0.8699690402476782 0.12693498452012383 
0.25203252032520324 0.7398373983739837 0.008130081300813007 
0.09597523219814243 0.715170278637771 0.1888544891640867 
0.2286995515695067 0.452914798206278 0.3183856502242152 
0.16293929712460062 0.8019169329073482 0.035143769968051124 
0.08310991957104559 0.7801608579088473 0.13672922252010725 
0.012048192771084336 0.9759036144578312 0.012048192771084336 
